1000
0.125126 56.3585 0 1
19.3304 80.874 0 1
58.5009 47.9873 0 1
35.0291 89.5962 0 1
82.284 74.6605 0 1
17.4108 85.8943 0 1
71.0501 51.3535 0 1
30.3995 1.49846 0 1
9.14029 36.4452 0 1
14.7313 16.5899 0 1
98.8525 44.5692 0 1
11.9083 0.466933 0 1
0.89114 37.788 0 1
53.1663 57.1184 0 1
60.1764 60.7166 0 1
16.6234 66.3045 0 1
45.0789 35.2123 0 1
5.70391 60.7685 0 1
78.3319 80.2606 0 1
51.9883 30.195 0 1
87.5973 72.6676 0 1
95.5901 92.5718 0 1
53.9354 14.2338 0 1
46.2081 23.5328 0 1
86.2239 20.9601 0 1
77.9656 84.3654 0 1
99.6796 99.9695 0 1
61.1499 39.2438 0 1
26.6213 29.7281 0 1
84.0144 2.37434 0 1
37.5866 9.26237 0 1
67.7206 5.62151 0 1
0.878933 91.879 0 1
27.5887 27.2897 0 1
58.7909 69.1183 0 1
83.7611 72.6493 0 1
48.4939 20.5359 0 1
74.3736 46.8459 0 1
45.7961 94.9156 0 1
74.4438 10.828 0 1
59.9048 38.5235 0 1
73.5008 60.8966 0 1
57.2405 36.1339 0 1
15.1555 22.5105 0 1
42.5153 80.2881 0 1
51.7106 98.999 0 1
75.1549 34.5561 0 1
16.8981 65.7308 0 1
49.1897 6.35395 0 1
69.9759 50.4807 0 1
14.7496 94.9583 0 1
14.1575 90.5118 0 1
69.2892 30.3049 0 1
42.6557 7.03757 0 1
96.6613 68.3187 0 1
15.3233 87.7255 0 1
82.168 58.2049 0 1
19.1351 17.7892 0 1
81.7194 47.5265 0 1
15.5553 50.3922 0 1
73.2017 40.5591 0 1
27.958 56.8743 0 1
68.2241 75.5852 0 1
72.1915 47.5295 0 1
12.302 36.7809 0 1
83.4681 3.50963 0 1
51.7014 66.2984 0 1
42.6222 10.4678 0 1
94.9339 92.1384 0 1
54.9547 34.5988 0 1
47.1725 37.4981 0 1
84.698 31.6874 0 1
45.6099 27.1889 0 1
98.2971 29.78 0 1
73.9189 56.7278 0 1
19.599 76.1315 0 1
83.9442 39.7656 0 1
50.09 89.0164 0 1
2.74667 99.4629 0 1
57.2588 5.05081 0 1
53.1327 19.4067 0 1
84.3043 62.6759 0 1
65.7613 19.7852 0 1
84.2158 12.3325 0 1
10.9928 74.3126 0 1
31.4066 94.1069 0 1
28.6081 33.6314 0 1
14.0263 73.3085 0 1
83.462 70.7999 0 1
60.0238 74.7215 0 1
25.2724 14.4475 0 1
0.161748 6.10065 0 1
80.6238 85.2626 0 1
21.0578 11.5604 0 1
55.3209 1.42521 0 1
11.3773 45.4512 0 1
75.222 68.6148 0 1
54.3443 7.38853 0 1
43.672 20.1941 0 1
69.6219 29.0353 0 1
43.6689 23.2429 0 1
57.7868 53.2579 0 1
62.8681 16.0192 0 1
50.4135 96.3042 0 1
69.5761 92.4802 0 1
18.9947 33.5948 0 1
17.835 99.5178 0 1
45.7442 99.8016 0 1
9.75066 62.5172 0 1
9.43937 43.7727 0 1
93.1516 4.84329 0 1
89.462 29.0017 0 1
22.7302 76.9066 0 1
41.0718 20.1971 0 1
62.8071 60.4144 0 1
45.1613 46.6353 0 1
59.7827 63.4724 0 1
85.4793 82.8791 0 1
62.4775 72.0908 0 1
56.5752 37.5134 0 1
18.4271 73.7907 0 1
55.5132 90.5087 0 1
24.2866 18.894 0 1
60.4724 69.8508 0 1
58.4613 35.1299 0 1
49.4461 8.03858 0 1
74.0745 61.2049 0 1
62.038 69.1122 0 1
80.4529 14.9113 0 1
57.6037 86.7733 0 1
91.1557 61.4704 0 1
72.7683 4.32142 0 1
66.7775 97.6531 0 1
31.5012 56.9201 0 1
30.5826 17.3925 0 1
10.8554 86.9045 0 1
85.1222 74.4316 0 1
15.4881 32.6914 0 1
7.93481 7.66015 0 1
64.098 82.0002 0 1
54.5091 44.8256 0 1
40.8979 29.8746 0 1
46.556 50.1205 0 1
15.2654 32.3038 0 1
73.7999 31.3883 0 1
82.6685 95.9075 0 1
87.3348 72.5028 0 1
30.0058 94.3999 0 1
12.7232 6.57369 0 1
78.4967 52.4583 0 1
60.9638 95.6114 0 1
7.22678 87.5637 0 1
65.3859 32.2123 0 1
10.4801 50.5051 0 1
22.7088 29.0292 0 1
91.998 55.1164 0 1
66.2801 11.4536 0 1
49.2538 37.9131 0 1
49.6811 79.3359 0 1
50.9262 38.2366 0 1
68.8162 53.2151 0 1
60.6281 39.5184 0 1
0.589007 70.7877 0 1
10.062 62.3066 0 1
86.3247 49.1501 0 1
74.7337 49.6902 0 1
38.0108 78.5363 0 1
55.2812 35.7097 0 1
95.5718 63.0848 0 1
17.658 37.4248 0 1
13.1626 74.3278 0 1
95.172 61.1988 0 1
2.78329 32.9844 0 1
5.59099 63.921 0 1
13.1626 84.7072 0 1
86.4315 59.6881 0 1
72.1641 85.3969 0 1
1.46794 12.6469 0 1
70.7907 61.7145 0 1
21.7566 6.59505 0 1
16.892 62.4104 0 1
34.0983 31.9407 0 1
36.7565 66.1 0 1
80.2393 80.6879 0 1
52.6536 61.1103 0 1
79.8181 90.0601 0 1
14.481 63.0177 0 1
40.2417 25.37 0 1
13.654 85.519 0 1
6.61641 42.7808 0 1
57.3351 30.2286 0 1
54.8051 22.5562 0 1
31.135 11.063 0 1
80.8039 13.4709 0 1
28.4249 78.811 0 1
89.523 78.9636 0 1
74.3797 61.5223 0 1
36.1126 85.6655 0 1
22.8492 86.3582 0 1
22.9438 24.955 0 1
54.2405 98.4832 0 1
5.38041 8.14234 0 1
52.4674 42.6801 0 1
9.46684 25.8797 0 1
89.1537 23.2765 0 1
14.655 12.5095 0 1
93.1639 8.01111 0 1
4.70901 5.87176 0 1
33.6406 91.4701 0 1
39.8602 43.2783 0 1
94.6165 83.7184 0 1
53.4226 84.2097 0 1
69.3533 39.7687 0 1
25.9163 0.433363 0 1
52.559 95.4802 0 1
39.8694 24.1096 0 1
58.5559 25.5135 0 1
68.4011 94.528 0 1
43.5499 89.0225 0 1
0.717185 94.0977 0 1
60.155 78.6157 0 1
57.6678 14.243 0 1
22.2327 38.3007 0 1
0.427259 41.792 0 1
8.22474 65.9932 0 1
85.5098 6.48518 0 1
81.106 66.2069 0 1
69.1488 80.2698 0 1
53.0137 68.5629 0 1
14.2766 68.9505 0 1
72.7897 77.7734 0 1
3.10678 86.8679 0 1
64.452 70.6565 0 1
8.54518 55.1988 0 1
94.7905 5.87786 0 1
27.4972 14.5177 0 1
98.178 61.9984 0 1
29.2245 92.2483 0 1
36.7534 69.454 0 1
21.8635 15.5919 0 1
24.0547 52.1439 0 1
90.228 10.6418 0 1
90.2646 44.1725 0 1
8.01111 78.2098 0 1
17.1789 97.4395 0 1
77.5872 87.0388 0 1
21.0639 45.6618 0 1
0.375378 75.0633 0 1
11.4048 40.4706 0 1
31.1136 99.2615 0 1
3.85754 25.2083 0 1
18.9276 24.7688 0 1
15.3508 62.0319 0 1
88.5372 93.9085 0 1
19.5654 77.9656 0 1
64.5558 65.6758 0 1
90.9146 45.5458 0 1
92.1293 66.4174 0 1
15.0761 63.6341 0 1
56.9536 42.204 0 1
94.3022 54.0574 0 1
57.857 53.6454 0 1
25.5287 39.6954 0 1
35.0261 3.66222 0 1
79.5251 19.6509 0 1
7.02841 38.9416 0 1
59.0747 7.0925 0 1
19.7668 15.5889 0 1
64.4337 45.4329 0 1
60.4297 69.7348 0 1
44.1298 68.4469 0 1
39.6527 83.5719 0 1
59.2212 19.9591 0 1
94.9461 87.6003 0 1
39.1705 98.7457 0 1
18.5308 89.5718 0 1
57.445 44.2061 0 1
62.7338 70.8518 0 1
4.96231 28.5562 0 1
26.0201 40.7636 0 1
89.5322 71.0196 0 1
72.8446 89.6054 0 1
39.3567 39.7412 0 1
90.3867 30.8603 0 1
38.8104 57.0574 0 1
35.3557 73.3695 0 1
74.5354 73.6381 0 1
73.9433 13.9317 0 1
20.0171 27.2591 0 1
68.0441 91.113 0 1
36.784 51.7655 0 1
10.9378 90.7437 0 1
20.307 51.796 0 1
65.4836 43.852 0 1
68.7643 9.04263 0 1
7.95618 7.57775 0 1
2.78024 35.5083 0 1
30.723 69.7287 0 1
14.2674 39.4848 0 1
6.78426 67.5741 0 1
72.4937 19.8706 0 1
69.4021 61.5711 0 1
65.4897 54.3992 0 1
9.83001 54.5366 0 1
4.96231 97.4578 0 1
46.4034 96.997 0 1
72.7866 53.0961 0 1
67.9922 69.2801 0 1
37.2112 38.8623 0 1
4.99588 80.9778 0 1
16.9561 6.08234 0 1
31.0556 78.4478 0 1
21.247 32.1909 0 1
48.4664 0.915555 0 1
43.9863 50.7859 0 1
60.5945 75.8538 0 1
40.1074 34.9803 0 1
84.2647 94.232 0 1
62.331 99.7284 0 1
5.34684 56.2853 0 1
86.3552 38.6761 0 1
30.6406 28.4219 0 1
2.67037 61.2568 0 1
39.1186 1.86163 0 1
3.10373 45.5702 0 1
85.7936 93.6766 0 1
40.1898 72.7287 0 1
61.1591 80.8374 0 1
87.5423 58.2598 0 1
59.5019 7.90124 0 1
79.3176 46.2203 0 1
59.0625 58.9435 0 1
56.9201 81.6065 0 1
67.275 34.3577 0 1
1.02237 26.7312 0 1
34.1563 23.2093 0 1
77.102 37.1746 0 1
86.9869 11.6855 0 1
72.5578 62.8925 0 1
89.3948 18.302 0 1
53.5569 90.2005 0 1
78.0084 96.5209 0 1
19.7363 90.1547 0 1
79.7418 95.3398 0 1
84.8811 89.0347 0 1
62.8712 18.5461 0 1
61.6932 26.4992 0 1
25.0649 73.22 0 1
78.811 17.0934 0 1
71.3889 48.0941 0 1
8.14844 80.6543 0 1
85.5342 12.4638 0 1
30.7474 57.3321 0 1
47.2976 76.2047 0 1
19.187 72.7775 0 1
99.5025 1.53508 0 1
64.7633 69.1641 0 1
17.4139 7.21152 0 1
27.4972 67.6626 0 1
83.8923 55.6658 0 1
37.1227 77.9504 0 1
23.2521 63.8234 0 1
23.1666 20.4596 0 1
97.1038 28.1747 0 1
2.28889 76.9219 0 1
15.183 4.6968 0 1
0.924711 34.8582 0 1
64.388 34.3242 0 1
41.4563 41.6517 0 1
9.06705 54.5183 0 1
69.9271 33.7992 0 1
65.7521 87.6247 0 1
53.5478 57.0025 0 1
5.39872 46.5774 0 1
25.9987 42.6801 0 1
86.3338 48.6587 0 1
8.74355 56.5813 0 1
70.9403 77.8466 0 1
86.4223 85.0551 0 1
29.3008 86.4376 0 1
64.4917 74.6849 0 1
82.8639 76.5618 0 1
87.1914 90.8322 0 1
91.2534 52.1958 0 1
44.0168 10.7639 0 1
35.4015 82.3054 0 1
42.7717 16.9836 0 1
0.0854518 65.746 0 1
77.3553 6.37226 0 1
8.9816 38.5662 0 1
68.3889 80.7611 0 1
15.4088 14.2857 0 1
4.84634 34.6141 0 1
1.85553 97.8423 0 1
64.7633 5.36515 0 1
91.4151 63.7471 0 1
43.1715 2.10578 0 1
24.2592 39.1949 0 1
65.4012 78.1884 0 1
2.28278 82.6044 0 1
13.8432 63.4266 0 1
55.0401 98.3489 0 1
46.3424 21.4789 0 1
30.0699 78.2159 0 1
34.254 48.0605 0 1
60.802 10.2512 0 1
98.4436 75.5821 0 1
15.0884 45.6404 0 1
71.1631 99.8749 0 1
77.5506 64.1652 0 1
62.1204 94.6104 0 1
68.8162 28.9804 0 1
56.7156 29.0384 0 1
54.8235 71.2363 0 1
24.6437 54.6678 0 1
49.263 95.2055 0 1
66.982 76.516 0 1
62.3371 44.5753 0 1
79.8761 74.5537 0 1
98.8922 20.4627 0 1
62.9475 90.9818 0 1
59.1296 91.8393 0 1
50.5539 48.9395 0 1
44.9721 88.934 0 1
94.0397 18.2928 0 1
25.1961 20.3009 0 1
73.0491 94.113 0 1
62.508 4.13526 0 1
64.1347 3.45164 0 1
55.6352 54.4481 0 1
44.6333 6.13727 0 1
99.6033 12.775 0 1
60.0909 5.03555 0 1
17.2796 66.0237 0 1
33.2438 31.5958 0 1
65.3584 41.0535 0 1
42.7503 22.1625 0 1
67.8518 16.6448 0 1
49.7543 50.7645 0 1
80.2728 43.5072 0 1
0.451674 33.9488 0 1
37.5896 12.8574 0 1
82.7326 73.3299 0 1
89.114 64.333 0 1
65.0594 51.4481 0 1
73.397 73.7175 0 1
95.7091 46.5835 0 1
36.3262 11.2186 0 1
90.466 82.1223 0 1
45.4787 10.8676 0 1
86.9442 76.1376 0 1
3.91247 41.6669 0 1
93.6125 6.77511 0 1
16.4861 21.128 0 1
11.6916 59.1113 0 1
11.8351 61.8274 0 1
58.0096 69.0298 0 1
73.1559 91.5647 0 1
66.9729 29.8502 0 1
80.8863 37.8185 0 1
99.7497 77.2515 0 1
20.4413 17.0568 0 1
38.8256 18.1219 0 1
58.0981 19.5624 0 1
96.0143 19.0252 0 1
38.1726 30.3995 0 1
12.0823 19.8157 0 1
4.62355 77.1172 0 1
76.104 88.1039 0 1
0.177007 44.8622 0 1
42.6374 80.1538 0 1
46.1348 49.4858 0 1
74.9382 23.8502 0 1
55.9404 9.27458 0 1
92.2025 89.3826 0 1
85.7021 5.96332 0 1
49.089 63.2038 0 1
74.7215 75.6066 0 1
25.5745 90.9909 0 1
79.1986 19.9622 0 1
55.2843 5.12406 0 1
52.2172 79.0368 0 1
70.4154 2.40486 0 1
73.1742 55.3362 0 1
91.4212 87.5546 0 1
79.693 30.5429 0 1
39.494 48.1887 0 1
5.25834 65.1967 0 1
0.0854518 76.8578 0 1
75.6188 21.9733 0 1
15.4759 5.75274 0 1
67.0614 3.26853 0 1
34.5866 69.7867 0 1
79.8151 43.6262 0 1
98.1719 63.5548 0 1
29.5297 47.6974 0 1
87.4355 7.92871 0 1
10.0986 14.3223 0 1
14.301 91.7997 0 1
30.8725 37.3821 0 1
81.3837 4.66323 0 1
81.4203 23.9998 0 1
89.7885 25.6508 0 1
26.9356 20.8014 0 1
22.9377 84.6156 0 1
87.4844 88.7692 0 1
84.4783 60.9272 0 1
4.08948 17.3528 0 1
18.3752 35.5907 0 1
44.9263 18.5064 0 1
89.4467 62.3035 0 1
54.6342 91.1679 0 1
52.2599 73.0644 0 1
99.9329 96.9329 0 1
86.7428 84.0205 0 1
14.6672 37.4401 0 1
28.4371 17.0965 0 1
97.3754 74.1813 0 1
71.6605 3.08847 0 1
64.5039 81.2708 0 1
73.5923 81.8171 0 1
12.4638 71.8894 0 1
37.5072 64.9831 0 1
91.5433 88.9676 0 1
3.21665 77.3492 0 1
44.8866 0.756859 0 1
22.8614 41.847 0 1
15.659 91.9034 0 1
50.1694 24.2866 0 1
75.4479 90.6522 0 1
21.3477 3.21055 0 1
77.1172 22.8248 0 1
55.6597 80.6391 0 1
85.2016 33.1614 0 1
53.8926 99.1791 0 1
86.935 64.687 0 1
22.7729 81.2799 0 1
37.1044 36.6894 0 1
3.49742 56.1296 0 1
39.787 11.9785 0 1
32.4931 89.9014 0 1
20.1483 94.0184 0 1
12.5065 84.933 0 1
89.3948 44.557 0 1
22.2114 63.4754 0 1
56.0076 62.4042 0 1
42.3658 1.648 0 1
86.4132 13.9622 0 1
26.7403 29.1971 0 1
68.1661 56.1449 0 1
95.8831 60.7227 0 1
78.8232 42.2712 0 1
81.8384 73.9464 0 1
13.5777 51.6526 0 1
2.00812 0.698874 0 1
74.8314 33.3872 0 1
90.2127 46.2264 0 1
76.7907 5.05081 0 1
63.097 2.41707 0 1
68.2424 96.9085 0 1
50.0443 70.6381 0 1
26.5938 82.2352 0 1
64.6626 59.7217 0 1
26.3619 84.4234 0 1
46.0067 74.8161 0 1
35.1604 1.44963 0 1
47.6547 62.6484 0 1
40.3882 38.3618 0 1
2.76193 28.8827 0 1
59.685 88.3877 0 1
43.2173 93.1547 0 1
38.2977 53.3128 0 1
1.00711 97.4242 0 1
86.52 43.7422 0 1
69.9637 33.2957 0 1
60.2344 49.855 0 1
55.9618 3.90027 0 1
37.8216 23.3039 0 1
93.7346 85.9523 0 1
96.411 60.8814 0 1
58.3972 7.64489 0 1
40.7025 30.5307 0 1
49.8581 8.005 0 1
87.4783 30.427 0 1
78.1518 93.289 0 1
58.8427 21.6224 0 1
27.9305 56.0717 0 1
87.4416 25.0069 0 1
30.1401 72.7134 0 1
86.6604 23.1086 0 1
19.071 44.6791 0 1
89.0347 57.4328 0 1
2.8779 99.5239 0 1
5.92364 61.919 0 1
25.6935 16.9836 0 1
11.6123 23.1483 0 1
49.4888 95.9807 0 1
4.92874 7.96228 0 1
33.7657 27.9733 0 1
51.5549 49.0555 0 1
41.2275 92.4711 0 1
60.1062 29.2154 0 1
47.5753 40.1654 0 1
95.1323 54.8357 0 1
83.4925 79.4427 0 1
80.166 59.2853 0 1
87.0083 31.8064 0 1
93.9177 26.7922 0 1
94.3327 71.8772 0 1
12.7628 77.4895 0 1
47.2884 17.5909 0 1
2.66732 4.16272 0 1
45.4787 86.23 0 1
13.6113 1.44658 0 1
21.2775 81.8537 0 1
79.7205 77.9656 0 1
65.8498 29.8746 0 1
78.1426 92.1506 0 1
84.2128 24.2622 0 1
49.8764 2.3011 0 1
7.57164 3.08847 0 1
35.6212 71.5323 0 1
40.9803 18.0425 0 1
29.7922 18.2104 0 1
74.4896 13.4739 0 1
5.82293 52.562 0 1
35.8867 80.6726 0 1
15.8818 89.9869 0 1
13.1809 2.92367 0 1
18.1433 81.8079 0 1
24.9214 57.0696 0 1
34.6904 53.9933 0 1
66.4907 87.0754 0 1
93.2524 94.528 0 1
10.5197 15.3233 0 1
55.797 80.0256 0 1
89.5138 7.2512 0 1
87.2311 82.2413 0 1
38.8287 54.8784 0 1
67.1957 45.0942 0 1
28.1381 94.9461 0 1
98.2147 72.805 0 1
59.4806 27.2378 0 1
13.1962 19.7943 0 1
60.0513 48.735 0 1
35.5327 22.9926 0 1
47.8439 69.1794 0 1
94.8149 67.1133 0 1
98.2574 23.7526 0 1
51.3565 23.5817 0 1
89.8038 48.4359 0 1
32.6456 53.7492 0 1
57.0788 33.6528 0 1
34.8155 16.9225 0 1
29.017 21.9275 0 1
92.2819 73.9677 0 1
80.7001 65.0441 0 1
68.6697 27.0089 0 1
76.6869 6.44246 0 1
72.1763 85.9066 0 1
34.1563 4.43739 0 1
48.4298 2.07831 0 1
83.8191 61.8519 0 1
54.0574 60.4053 0 1
56.8682 77.7367 0 1
64.0034 69.6738 0 1
75.9941 86.8007 0 1
15.7994 42.3505 0 1
78.6462 2.1424 0 1
43.8368 4.21461 0 1
50.6302 26.9265 0 1
6.82699 24.485 0 1
98.2055 50.6455 0 1
61.5528 7.10166 0 1
36.7504 95.5535 0 1
86.0073 33.7474 0 1
24.189 28.9529 0 1
5.09659 99.2706 0 1
17.246 6.89108 0 1
22.013 30.0912 0 1
78.6859 64.9617 0 1
8.36818 26.2764 0 1
13.6479 21.7536 0 1
56.2578 17.8259 0 1
63.2282 10.6906 0 1
45.3719 75.8843 0 1
33.3811 5.74053 0 1
28.251 69.4296 0 1
87.3257 56.7583 0 1
86.8496 8.12098 0 1
79.5404 99.9664 0 1
63.4999 61.8854 0 1
59.4775 59.3127 0 1
19.425 97.8881 0 1
23.1513 4.22987 0 1
23.9051 25.5135 0 1
40.6812 79.4946 0 1
27.2469 90.0052 0 1
37.9437 72.7561 0 1
20.6488 5.29496 0 1
60.4572 35.3984 0 1
36.1248 66.8111 0 1
97.6043 22.364 0 1
89.5779 34.6965 0 1
95.352 66.512 0 1
20.1666 28.2357 0 1
35.5449 53.1999 0 1
29.0994 21.9977 0 1
9.96124 10.6723 0 1
70.9342 84.3806 0 1
67.1865 81.9147 0 1
0.5768 49.1348 0 1
60.4633 93.5331 0 1
29.0628 60.5823 0 1
74.691 87.3837 0 1
91.2229 83.0103 0 1
60.5914 30.488 0 1
78.4234 15.0121 0 1
54.2619 68.9047 0 1
39.4635 99.3194 0 1
10.1932 41.1603 0 1
2.74361 68.7429 0 1
25.8889 16.9011 0 1
22.8645 18.9001 0 1
86.2209 76.3298 0 1
4.76089 48.323 0 1
5.61541 96.1241 0 1
8.4994 56.5477 0 1
96.2554 57.3901 0 1
87.8658 40.8704 0 1
40.315 41.3495 0 1
65.8528 82.3359 0 1
94.5189 28.312 0 1
0.222785 61.626 0 1
4.944 65.6056 0 1
42.1949 95.4497 0 1
60.3961 20.0873 0 1
41.438 34.0556 0 1
62.3127 80.8405 0 1
0.485244 10.5258 0 1
39.4421 27.6864 0 1
31.6782 82.4244 0 1
85.3511 31.1533 0 1
19.7668 56.4684 0 1
46.9069 99.5117 0 1
43.3241 36.848 0 1
41.8775 38.4869 0 1
58.0432 87.7743 0 1
33.7413 39.3384 0 1
95.1048 50.914 0 1
41.8592 60.8295 0 1
77.6757 8.36512 0 1
15.1189 20.7923 0 1
8.7344 31.727 0 1
47.1816 62.9139 0 1
33.2774 7.93176 0 1
61.4521 14.2827 0 1
28.0709 82.4976 0 1
43.907 99.4415 0 1
22.0954 10.7334 0 1
51.8998 26.4595 0 1
0.735496 57.625 0 1
77.0562 10.7517 0 1
96.9207 36.9427 0 1
90.3989 52.1714 0 1
22.2663 30.2622 0 1
47.8469 31.0617 0 1
41.4411 76.4733 0 1
84.1609 38.9111 0 1
42.7473 72.4174 0 1
73.4916 9.14029 0 1
8.17286 75.3075 0 1
84.698 63.7806 0 1
35.963 47.5021 0 1
9.43937 41.5296 0 1
18.836 34.312 0 1
91.3388 22.9316 0 1
31.0312 15.4271 0 1
34.1533 18.2287 0 1
27.2286 20.5939 0 1
17.246 33.5276 0 1
6.54317 50.1907 0 1
96.3683 80.9259 0 1
44.6455 91.2992 0 1
17.9266 48.1918 0 1
47.2091 69.924 0 1
24.8604 93.6705 0 1
27.7444 29.9539 0 1
82.2443 81.9636 0 1
62.9902 79.5068 0 1
0.720237 26.0964 0 1
28.9529 95.2971 0 1
85.9462 51.7441 0 1
70.7511 25.6172 0 1
92.1049 49.1256 0 1
9.35392 82.5983 0 1
7.6693 28.2632 0 1
38.3862 64.3269 0 1
51.5091 43.1532 0 1
14.0721 97.4975 0 1
7.46178 0.518815 0 1
91.4792 41.1664 0 1
75.5333 18.7658 0 1
10.1718 42.3139 0 1
67.7938 52.7421 0 1
82.4213 83.7184 0 1
27.1493 49.9496 0 1
87.0449 14.8991 0 1
97.0794 53.8377 0 1
22.0679 6.6744 0 1
20.4627 19.7729 0 1
19.2908 19.953 0 1
95.6786 59.3493 0 1
73.8792 29.4382 0 1
67.983 78.6126 0 1
92.1323 92.8434 0 1
84.4325 25.898 0 1
10.5441 6.18915 0 1
90.3775 14.832 0 1
89.2758 35.9417 0 1
95.6694 38.1573 0 1
33.1462 68.4561 0 1
88.7539 38.0108 0 1
43.3271 67.4642 0 1
26.7098 48.2833 0 1
52.7848 80.2057 0 1
79.4122 74.633 0 1
48.6679 82.7784 0 1
55.9038 27.8787 0 1
34.7179 5.41398 0 1
91.1252 76.2902 0 1
36.848 28.2388 0 1
21.1249 32.4564 0 1
5.01419 88.1619 0 1
24.8817 40.3821 0 1
14.4871 87.5271 0 1
60.8112 78.3654 0 1
19.6844 45.1704 0 1
76.1773 43.3332 0 1
63.6464 80.4559 0 1
17.4444 32.2672 0 1
96.3195 70.9403 0 1
19.7546 86.288 0 1
4.73037 74.3217 0 1
3.60424 13.0833 0 1
8.23695 55.269 0 1
56.8957 53.3006 0 1
21.8879 7.71813 0 1
30.4605 6.44551 0 1
41.1267 13.3702 0 1
25.1686 82.0643 0 1
50.8774 26.8715 0 1
98.7945 91.6532 0 1
12.1738 28.4433 0 1
70.6961 47.0931 0 1
29.4748 34.4646 0 1
52.5101 81.1121 0 1
51.7228 6.73238 0 1
82.9218 55.4399 0 1
10.3641 50.9568 0 1
94.6684 72.3106 0 1
47.3922 45.1308 0 1
91.8882 54.8845 0 1
36.5276 88.4365 0 1
65.9719 12.2532 0 1
50.7401 11.243 0 1
27.9794 54.6464 0 1
79.1284 36.9182 0 1
85.8119 74.4346 0 1
46.3851 35.9661 0 1
44.2091 58.5925 0 1
37.904 63.2038 0 1
55.7604 48.2589 0 1
83.6665 18.5705 0 1
0.970489 10.9256 0 1
4.06201 22.1778 0 1
25.5959 41.0291 0 1
70.7602 44.2732 0 1
13.3061 54.4053 0 1
85.6777 80.6635 0 1
21.8268 92.3826 0 1
31.3364 14.3223 0 1
60.6861 1.02847 0 1
95.5565 53.7248 0 1
38.6883 1.23905 0 1
23.7068 88.5708 0 1
59.2456 15.2593 0 1
1.6541 53.5203 0 1
91.6715 65.273 0 1
22.4464 40.556 0 1
96.5819 9.70794 0 1
39.9579 50.6119 0 1
33.5307 32.841 0 1
62.5416 25.0771 0 1
28.9956 53.3525 0 1
89.8679 47.8072 0 1
32.8166 67.4581 0 1
46.0341 58.2751 0 1
41.2763 92.23 0 1
12.0975 66.4724 0 1
14.8686 24.7383 0 1
11.1576 10.2023 0 1
68.9505 82.6441 0 1
49.0738 45.3749 0 1
65.3432 41.85 0 1
63.9912 9.92157 0 1
83.0592 36.8633 0 1
87.7956 52.0035 0 1
96.2279 39.4696 0 1
72.57 63.0604 0 1
37.4126 81.341 0 1
85.2565 6.39363 0 1
74.3583 36.2377 0 1
23.5603 81.8964 0 1
78.3715 27.3934 0 1
56.3219 17.4718 0 1
12.4241 75.7103 0 1
41.38 27.9427 0 1
17.0965 54.4206 0 1
24.1249 31.8613 0 1
22.5074 65.804 0 1
69.8416 67.0247 0 1
64.333 5.6032 0 1
32.9508 95.2239 0 1
32.0689 30.7627 0 1
16.2969 36.8542 0 1
27.6437 96.1119 0 1
23.6213 26.0811 0 1
62.4836 75.6035 0 1
58.2812 27.1004 0 1
71.2149 33.7901 0 1
71.4133 2.15766 0 1
70.0552 63.0696 0 1
12.6377 71.9871 0 1
38.0902 52.3942 0 1
86.4132 59.1937 0 1
49.5163 3.07932 0 1
67.1773 55.3484 0 1
34.959 57.2588 0 1
76.4275 2.26447 0 1
0.0640889 54.6953 0 1
74.807 28.2235 0 1
79.4031 83.5231 0 1
72.3808 29.6457 0 1
53.8652 40.5591 0 1
10.1779 38.9386 0 1
9.67132 66.8203 0 1
16.184 69.0939 0 1
67.0766 73.8517 0 1
88.8241 75.6584 0 1
56.9506 26.4931 0 1
11.1454 26.7129 0 1
73.3451 97.7477 0 1
48.7899 21.4911 0 1
80.1202 61.2903 0 1
34.8521 48.262 0 1
99.8505 37.3669 0 1
94.7996 22.0618 0 1
63.0268 57.5701 0 1
14.5543 92.9899 0 1
45.793 64.2323 0 1
4.86465 65.5751 0 1
74.2393 9.99786 0 1
65.0746 19.9591 0 1
23.4352 73.2139 0 1
99.4537 75.4112 0 1
89.3307 54.7655 0 1
89.1781 86.8862 0 1
61.5955 71.9901 0 1
73.1071 15.1921 0 1
75.6218 15.2776 0 1
40.4736 61.449 0 1
71.6788 82.9981 0 1
88.6044 6.37226 0 1
39.4757 60.3626 0 1
48.8083 45.1369 0 1
76.1803 57.8784 0 1
33.5734 58.3056 0 1
36.0332 74.9748 0 1
8.14539 9.5645 0 1
99.707 4.44655 0 1
39.668 10.8188 0 1
41.496 43.3912 0 1
26.9723 45.3017 0 1
22.4982 26.133 0 1
64.1743 89.3094 0 1
87.8964 44.9324 0 1
41.1695 23.2063 0 1
96.4415 73.9372 0 1
34.1716 72.3045 0 1
60.3381 62.1448 0 1
89.4223 68.2485 0 1
23.5633 10.8798 0 1
53.1663 71.5506 0 1
56.7949 1.51067 0 1
51.091 45.8449 0 1
97.0855 88.9645 0 1
70.2383 24.5827 0 1
10.3549 26.6671 0 1
46.6292 60.6769 0 1
